%YAML:1.0
---
cameraMatrix_l: !!opencv-matrix
   rows: 3
   cols: 3
   dt: d
   data: [ 3.5624303519166460e+03, 0., 6.2054364180998505e+02, 0.,
       3.5622693472137939e+03, 4.9115178529471160e+02, 0., 0., 1. ]
distCoeffs_l: !!opencv-matrix
   rows: 1
   cols: 5
   dt: d
   data: [ -3.1513611540779821e-02, -2.9283534209591100e-01,
       -4.7854831266447236e-04, 1.9042540987989547e-04,
       -6.2108273150884230e+00 ]
cameraMatrix_r: !!opencv-matrix
   rows: 3
   cols: 3
   dt: d
   data: [ 3.5773590632670907e+03, 0., 6.6265059454984669e+02, 0.,
       3.5772877718026962e+03, 4.5677628321553271e+02, 0., 0., 1. ]
distCoeffs_r: !!opencv-matrix
   rows: 1
   cols: 5
   dt: d
   data: [ -3.1679795618548556e-02, -6.3990823035369815e-01,
       -6.2850770912139533e-04, 5.6113769077356743e-04,
       3.1154404373152178e+00 ]
projectorMatrix_r: !!opencv-matrix
   rows: 3
   cols: 3
   dt: d
   data: [ 2.2219032942660160e+03, 0., 6.6772618330490752e+02, 0.,
       2.9639285632828128e+03, 4.2812211167493494e+01, 0., 0., 1. ]
projectordistCoeffs_r: !!opencv-matrix
   rows: 1
   cols: 5
   dt: d
   data: [ -1.1487483434126325e-01, 3.4828774779429078e-01,
       -1.1364001781823596e-03, -7.1737569214758374e-04,
       -8.4282390820815833e-01 ]
R: !!opencv-matrix
   rows: 3
   cols: 3
   dt: d
   data: [ 9.4679595753494949e-01, -1.1915929505601101e-02,
       3.2161378300610116e-01, 1.1735866095077381e-02,
       9.9992801049991187e-01, 2.4986525741869658e-03,
       -3.2162040395857411e-01, 1.4087021351665285e-03,
       9.4686764192035733e-01 ]
T: !!opencv-matrix
   rows: 3
   cols: 1
   dt: d
   data: [ -8.0718591122886707e+01, -1.4698700566184386e+00,
       9.1611283166537874e+00 ]
F: !!opencv-matrix
   rows: 3
   cols: 3
   dt: d
   data: [ 2.8658488313744641e-08, -7.1899615741774654e-07,
       -6.0096542443333295e-05, -1.3565007574967685e-06,
       3.5666631072287295e-10, 2.3030516931717031e-02,
       7.2536312946199475e-04, -2.2186322434237776e-02,
       8.4444530835195586e-01 ]
F2: !!opencv-matrix
   rows: 3
   cols: 3
   dt: d
   data: [ 2.8658488313744614e-08, -1.3565007574967683e-06,
       7.2536312946199486e-04, -7.1899615741774686e-07,
       3.5666631072249509e-10, -2.2186322434237786e-02,
       -6.0096542443332780e-05, 2.3030516931717041e-02,
       8.4444530835195231e-01 ]
Rot_l: !!opencv-matrix
   rows: 3
   cols: 3
   dt: d
   data: [ 9.8702734955424720e-01, 1.5291797036454813e-01,
       4.8919378282077972e-02, 7.9622340544243768e-03,
       -3.5094151618276820e-01, 9.3636352718813354e-01,
       1.6035465088602957e-01, -9.2382690292009084e-01,
       -3.4760644323759676e-01 ]
tvec_l: !!opencv-matrix
   rows: 3
   cols: 1
   dt: d
   data: [ -2.4265208807389240e+00, 1.9351728340826073e+00,
       2.3157032731873923e+02 ]
Rot_r: !!opencv-matrix
   rows: 3
   cols: 3
   dt: d
   data: [ 9.8599089300877585e-01, -1.4815155454791457e-01,
       -7.6635995385934436e-02, 1.9945952224942214e-02,
       -3.5142994972381308e-01, 9.3600168238468384e-01,
       -1.6560228831026758e-01, -9.2441771257486982e-01,
       -3.4355170612914804e-01 ]
tvec_r: !!opencv-matrix
   rows: 3
   cols: 1
   dt: d
   data: [ -8.5628616657757384e+00, 1.0152999356662837e+00,
       2.2921072279165415e+02 ]
Rot_p: !!opencv-matrix
   rows: 3
   cols: 3
   dt: d
   data: [ -9.9920552906264559e-01, 3.8317462071302912e-02,
       -1.0958229375813117e-02, 2.4688339612794916e-02,
       3.7927516719494936e-01, -9.2495450344133501e-01,
       -3.1285724824622045e-02, -9.2449019445836078e-01,
       -3.7991983861406942e-01 ]
tvec_p: !!opencv-matrix
   rows: 3
   cols: 1
   dt: d
   data: [ -1.9949830123934045e+00, 2.5497208172378087e+01,
       1.9841160255023235e+02 ]
c_p_system_l: !!opencv-matrix
   rows: 7
   cols: 1
   dt: d
   data: [ 3.0558419489147943e+00, 1.4294499946282324e-01,
       -3.3547963693289073e-01, -8.5571024491463533e+01,
       5.0479453367718499e-03, 1.5027580838213607e-03,
       -2.7084487227987952e-02 ]
c_p_system_r: !!opencv-matrix
   rows: 7
   cols: 1
   dt: d
   data: [ 2.8736612336568550e+00, 1.8230620782711709e-01,
       -1.3446152358999479e+00, 1.5667591052674581e+02,
       -4.1212984935923699e-03, 1.4778274440970152e-03,
       -2.8314634247972231e-02 ]
