%YAML:1.0
---
cameraMatrix_l: !!opencv-matrix
   rows: 3
   cols: 3
   dt: d
   data: [ 3.5650547123706933e+03, 0., 6.2140542129210496e+02, 0.,
       3.5649319571734086e+03, 4.9089705255375367e+02, 0., 0., 1. ]
distCoeffs_l: !!opencv-matrix
   rows: 1
   cols: 5
   dt: d
   data: [ -2.8130344719801283e-02, -6.0611901004616631e-01,
       -5.1619273748068379e-04, 2.6463296541653285e-04,
       1.1586676858478520e+00 ]
cameraMatrix_r: !!opencv-matrix
   rows: 3
   cols: 3
   dt: d
   data: [ 3.5819645209067262e+03, 0., 6.6156481138056074e+02, 0.,
       3.5818389239344010e+03, 4.5565627775350441e+02, 0., 0., 1. ]
distCoeffs_r: !!opencv-matrix
   rows: 1
   cols: 5
   dt: d
   data: [ -2.6939496303346109e-02, -8.5815882151062339e-01,
       -6.9706501748155979e-04, 4.3869438155592525e-04,
       7.1051999290710803e+00 ]
projectorMatrix_r: !!opencv-matrix
   rows: 3
   cols: 3
   dt: d
   data: [ 6.4362223223345302e+02, 0., 6.3999986841872408e+02, 0.,
       1.6028816815171876e+03, 4.7999928485460202e+02, 0., 0., 1. ]
projectordistCoeffs_r: !!opencv-matrix
   rows: 1
   cols: 5
   dt: d
   data: [ -2.2774743492439648e-02, 1.2767162546490539e-04,
       -5.6805092058929011e-03, -1.0930592567458857e-02,
       -1.9018860854540564e-07 ]
R: !!opencv-matrix
   rows: 3
   cols: 3
   dt: d
   data: [ 9.4655112038289768e-01, -1.1939259483974854e-02,
       3.2233279477095661e-01, 1.1685705286892240e-02,
       9.9992801581877566e-01, 2.7216672600990366e-03,
       -3.2234208660029057e-01, 1.1904888496374610e-03,
       9.4662250234318335e-01 ]
T: !!opencv-matrix
   rows: 3
   cols: 1
   dt: d
   data: [ -8.0757018353830418e+01, -1.4483543781636026e+00,
       9.3542985491326363e+00 ]
F: !!opencv-matrix
   rows: 3
   cols: 3
   dt: d
   data: [ 2.7999750235204634e-08, -7.3263470743249078e-07,
       -4.7621990427946983e-05, -1.3451684840158739e-06,
       -1.2172490505311387e-09, 2.3021076953460465e-02,
       7.1425154035385547e-04, -2.2171152439887105e-02,
       8.3635176873032968e-01 ]
F2: !!opencv-matrix
   rows: 3
   cols: 3
   dt: d
   data: [ 2.7999750235204634e-08, -1.3451684840158705e-06,
       7.1425154035385427e-04, -7.3263470743249364e-07,
       -1.2172490505309468e-09, -2.2171152439887102e-02,
       -4.7621990427945858e-05, 2.3021076953460454e-02,
       8.3635176873033323e-01 ]
Rot_l: !!opencv-matrix
   rows: 3
   cols: 3
   dt: d
   data: [ 9.8685472290577636e-01, 1.5905525126950501e-01,
       2.8621371772818319e-02, 2.9023745999249336e-02,
       -3.4865123002173609e-01, 9.3680304331940634e-01,
       1.5898231991870768e-01, -9.2365780830777644e-01,
       -3.4868449220655134e-01 ]
tvec_l: !!opencv-matrix
   rows: 3
   cols: 1
   dt: d
   data: [ -2.2664286630021868e+00, 2.1221658386415845e+00,
       2.3180418448473193e+02 ]
Rot_r: !!opencv-matrix
   rows: 3
   cols: 3
   dt: d
   data: [ 9.8500713708550192e-01, -1.4300863896729227e-01,
       -9.6485589967340607e-02, 4.0986447176569435e-02,
       -3.4928134907414810e-01, 9.3612106606826528e-01,
       -1.6757401659704113e-01, -9.2604053278982656e-01,
       -3.3818320566206250e-01 ]
tvec_r: !!opencv-matrix
   rows: 3
   cols: 1
   dt: d
   data: [ -8.2095554081125695e+00, 1.2780677403641081e+00,
       2.2951844747882132e+02 ]
Rot_p: !!opencv-matrix
   rows: 3
   cols: 3
   dt: d
   data: [ -3.1321627032310617e-01, 4.1441382043385711e-01,
       -8.5449210261903397e-01, -5.3971558829129140e-01,
       -8.1801595033197616e-01, -1.9888938824849156e-01,
       -7.8141068060288765e-01, 3.9888731546125755e-01,
       4.7988150391929368e-01 ]
tvec_p: !!opencv-matrix
   rows: 3
   cols: 1
   dt: d
   data: [ -5.2750145986863359e+01, -1.8411234955238289e+01,
       5.6473670073968684e+01 ]
c_p_system_l: !!opencv-matrix
   rows: 7
   cols: 1
   dt: d
   data: [ 3.0530358832209341e+00, 1.4563825914462095e-01,
       -3.4133833150021281e-01, -8.2983842154298756e+01,
       5.3011310004425164e-03, 1.6015377478292040e-03,
       -2.6949826179031612e-02 ]
c_p_system_r: !!opencv-matrix
   rows: 7
   cols: 1
   dt: d
   data: [ 2.5944141402380851e+00, 1.6990277735351220e-01,
       -1.2356304040514317e+00, 1.4685187159986040e+02,
       -3.5844964590999828e-03, 1.4648153754022442e-03,
       -2.5915226773812087e-02 ]
