%YAML:1.0
---
cameraMatrix_l: !!opencv-matrix
   rows: 3
   cols: 3
   dt: d
   data: [ 3.5603076029375866e+03, 0., 6.3851968919943488e+02, 0.,
       3.5602130765488037e+03, 4.5738615428571563e+02, 0., 0., 1. ]
distCoeffs_l: !!opencv-matrix
   rows: 1
   cols: 5
   dt: d
   data: [ -3.2167724025675089e-02, -7.1748417229416428e-01,
       -5.4380911935597283e-04, -7.8601549266412720e-04,
       6.8236991944406071e+00 ]
cameraMatrix_r: !!opencv-matrix
   rows: 3
   cols: 3
   dt: d
   data: [ 3.5650826118571740e+03, 0., 6.9684977608832014e+02, 0.,
       3.5640109344103566e+03, 4.8263445160029477e+02, 0., 0., 1. ]
distCoeffs_r: !!opencv-matrix
   rows: 1
   cols: 5
   dt: d
   data: [ -4.7524131628141800e-02, 1.5881556106226363e-01,
       -1.3898640759788867e-04, 5.5324631538226747e-04,
       -7.5576618620051734e+00 ]
projectorMatrix_r: !!opencv-matrix
   rows: 3
   cols: 3
   dt: d
   data: [ 2.2250276018110912e+03, 0., 6.6464423147620687e+02, 0.,
       2.9661716943655047e+03, -4.7376153562397318e+00, 0., 0., 1. ]
projectordistCoeffs_r: !!opencv-matrix
   rows: 1
   cols: 5
   dt: d
   data: [ -1.1145227156841488e-01, 2.1106458259403105e-01,
       -6.3924703305463923e-04, -1.7974471906210508e-03,
       -7.3995001461510640e-02 ]
R: !!opencv-matrix
   rows: 3
   cols: 3
   dt: d
   data: [ 9.3380385547031863e-01, 2.1405662466199432e-03,
       3.5777895058948345e-01, -2.1186781193141963e-03,
       9.9999765292136478e-01, -4.5316088595842574e-04,
       -3.5777908087504912e-01, -3.3485505170888219e-04,
       9.3380619893010974e-01 ]
T: !!opencv-matrix
   rows: 3
   cols: 1
   dt: d
   data: [ -8.8105812675776548e+01, 6.3217919624340535e-01,
       1.5431532669854079e+01 ]
F: !!opencv-matrix
   rows: 3
   cols: 3
   dt: d
   data: [ -1.5243774620573122e-08, -1.2158175608113394e-06,
       7.3338051055754226e-04, -1.3486031511756179e-06,
       2.7816550637603668e-10, 2.5494697993654111e-02,
       5.4812613242790178e-04, -2.3900556652463573e-02,
       -1.6102961781740976e+00 ]
F2: !!opencv-matrix
   rows: 3
   cols: 3
   dt: d
   data: [ -1.5243774620573343e-08, -1.3486031511756181e-06,
       5.4812613242789950e-04, -1.2158175608113384e-06,
       2.7816550637642328e-10, -2.3900556652463566e-02,
       7.3338051055754367e-04, 2.5494697993654107e-02,
       -1.6102961781740994e+00 ]
Rot_l: !!opencv-matrix
   rows: 3
   cols: 3
   dt: d
   data: [ 9.8901724589502360e-01, 1.2534333689709762e-01,
       7.8319443420667739e-02, -2.4726990739580991e-02,
       -3.8211025674942861e-01, 9.2378586675476393e-01,
       1.4571706575136342e-01, -9.1557675788673576e-01,
       -3.7481427022783748e-01 ]
tvec_l: !!opencv-matrix
   rows: 3
   cols: 1
   dt: d
   data: [ -2.5856077125223500e+00, 3.5177585130089946e+00,
       2.3262557433719135e+02 ]
Rot_r: !!opencv-matrix
   rows: 3
   cols: 3
   dt: d
   data: [ 9.7562968644915316e-01, -2.1134593268689816e-01,
       -5.8988233198089934e-02, -2.6888375176506635e-02,
       -3.8196001851712752e-01, 9.2378761603236659e-01,
       -2.1776990195960172e-01, -8.9968852443003899e-01,
       -3.7833428183209189e-01 ]
tvec_r: !!opencv-matrix
   rows: 3
   cols: 1
   dt: d
   data: [ -7.2841992646908027e+00, 4.0499907119189720e+00,
       2.3358263442728133e+02 ]
Rot_p: !!opencv-matrix
   rows: 3
   cols: 3
   dt: d
   data: [ -9.9804983327912222e-01, 4.6496371457630734e-02,
       -4.1648742271410827e-02, 5.6231226916322208e-02,
       3.7998886467866611e-01, -9.2328029971385361e-01,
       -2.7103125484000207e-02, -9.2382170907675298e-01,
       -3.8186237105468523e-01 ]
tvec_p: !!opencv-matrix
   rows: 3
   cols: 1
   dt: d
   data: [ 3.9834361408601482e+00, 3.1058574564094904e+01,
       1.9689025711730079e+02 ]
c_p_system_l: !!opencv-matrix
   rows: 7
   cols: 1
   dt: d
   data: [ 3.0959435948525584e+00, 1.1742127877899053e-01,
       -3.8725802619369376e-01, -9.0467564882733029e+01,
       4.8382430697963986e-03, 7.6979580239931429e-04,
       -2.7063600070946679e-02 ]
c_p_system_r: !!opencv-matrix
   rows: 7
   cols: 1
   dt: d
   data: [ 2.6842267816608567e+00, 1.0576969583118095e-01,
       -1.4422394937981005e+00, 1.7251029365963331e+02,
       -5.0187862109003119e-03, 6.7685594121936641e-04,
       -2.6598670657161087e-02 ]
