%YAML:1.0
---
cameraMatrix_l: !!opencv-matrix
   rows: 3
   cols: 3
   dt: d
   data: [ 3.5552254101219137e+03, 0., 6.4294635390473502e+02, 0.,
       3.5566381295538981e+03, 4.8239435043611826e+02, 0., 0., 1. ]
distCoeffs_l: !!opencv-matrix
   rows: 1
   cols: 5
   dt: d
   data: [ -3.3780328405045565e-02, -8.3839611162920757e-01,
       8.8994734673844783e-04, 1.7164452525710138e-03,
       5.8629783644453219e+00 ]
cameraMatrix_r: !!opencv-matrix
   rows: 3
   cols: 3
   dt: d
   data: [ 3.5741493886040512e+03, 0., 6.0302775618753981e+02, 0.,
       3.5742994316352765e+03, 4.9831131495649231e+02, 0., 0., 1. ]
distCoeffs_r: !!opencv-matrix
   rows: 1
   cols: 5
   dt: d
   data: [ -5.7471656425314432e-02, 5.8509517646060805e-01,
       -1.0758729788921461e-04, 1.5430835093558308e-04,
       -1.2055892426171027e+01 ]
projectorMatrix_r: !!opencv-matrix
   rows: 3
   cols: 3
   dt: d
   data: [ 2.2305250037423357e+03, 0., 6.8266924063407816e+02, 0.,
       2.9746233238939767e+03, 2.1376938178470146e+00, 0., 0., 1. ]
projectordistCoeffs_r: !!opencv-matrix
   rows: 1
   cols: 5
   dt: d
   data: [ -1.1307945355084813e-01, 2.5560039607775381e-01,
       1.6584618335737183e-04, 1.0839310073018213e-03,
       -1.7643211146153132e-01 ]
R: !!opencv-matrix
   rows: 3
   cols: 3
   dt: d
   data: [ 9.4159801471355564e-01, 1.5196336186686379e-02,
       3.3639597211321060e-01, -6.5020727295845016e-03,
       9.9961545347278524e-01, -2.6956784463601280e-02,
       -3.3667625656958633e-01, 2.3195183657368779e-02,
       9.4133473415007429e-01 ]
T: !!opencv-matrix
   rows: 3
   cols: 1
   dt: d
   data: [ -8.8648112072062943e+01, -2.3438004018625236e-01,
       1.5318387531162642e+01 ]
F: !!opencv-matrix
   rows: 3
   cols: 3
   dt: d
   data: [ 1.4048380791821356e-08, -1.2050020776546499e-06,
       6.2605808118733439e-04, -1.2136158847833280e-06,
       1.8005856217573102e-07, 2.5481670320203265e-02,
       8.2048885279261807e-04, -2.4277181988551409e-02,
       1.2674519268619377e+00 ]
F2: !!opencv-matrix
   rows: 3
   cols: 3
   dt: d
   data: [ 1.4048380791821606e-08, -1.2136158847833265e-06,
       8.2048885279261948e-04, -1.2050020776546514e-06,
       1.8005856217573113e-07, -2.4277181988551406e-02,
       6.2605808118733244e-04, 2.5481670320203268e-02,
       1.2674519268619306e+00 ]
Rot_l: !!opencv-matrix
   rows: 3
   cols: 3
   dt: d
   data: [ 9.9218677630103613e-01, 1.1777572653151358e-01,
       4.1161622578947898e-02, 5.4363164566229548e-03,
       -3.7042198678525806e-01, 9.2884767220973619e-01,
       1.2464287944660568e-01, -9.2136660995829245e-01,
       -3.6816806305982419e-01 ]
tvec_l: !!opencv-matrix
   rows: 3
   cols: 1
   dt: d
   data: [ 7.1815812252382178e+00, 2.9300075823170082e+00,
       2.3390399293250923e+02 ]
Rot_r: !!opencv-matrix
   rows: 3
   cols: 3
   dt: d
   data: [ 9.7625307348102108e-01, -2.0467568318818238e-01,
       -7.0977469878201166e-02, -4.3770158769973824e-03,
       -3.4620824751971874e-01, 9.3814747832168566e-01,
       -2.1658896151667720e-01, -9.1555868957744924e-01,
       -3.3888273442055344e-01 ]
tvec_r: !!opencv-matrix
   rows: 3
   cols: 1
   dt: d
   data: [ -3.1570629839310800e+00, -3.6574938682070233e+00,
       2.3315043471575277e+02 ]
Rot_p: !!opencv-matrix
   rows: 3
   cols: 3
   dt: d
   data: [ -9.9915670899210607e-01, 2.1141072902371067e-02,
       -3.5198379403042795e-02, 4.0468585434254370e-02,
       3.6215637256668559e-01, -9.3123845249339365e-01,
       -6.9400626088221250e-03, -9.3187757610421973e-01,
       -3.6270651866916997e-01 ]
tvec_p: !!opencv-matrix
   rows: 3
   cols: 1
   dt: d
   data: [ 8.3850548075449378e+00, 3.3070994919911463e+01,
       2.0095026127538520e+02 ]
c_p_system_l: !!opencv-matrix
   rows: 7
   cols: 1
   dt: d
   data: [ 3.3313055705428969e+00, 1.6388391363506399e-01,
       -5.8349146935806417e-01, -1.1389118422111046e+02,
       4.1948405400754245e-03, 4.3641454216798329e-04,
       -2.9323886981729125e-02 ]
c_p_system_r: !!opencv-matrix
   rows: 7
   cols: 1
   dt: d
   data: [ 3.0505499709799642e+00, 1.6350459449703875e-01,
       -1.7400701891013792e+00, 1.8076615654282406e+02,
       -6.4679436925992422e-03, 1.2157743819427016e-03,
       -3.0373619848029977e-02 ]
