%YAML:1.0
---
cameraMatrix_l: !!opencv-matrix
   rows: 3
   cols: 3
   dt: d
   data: [ 3.5489547683896972e+03, 0., 6.3587594691485560e+02, 0.,
       3.5501532900978559e+03, 4.7663063105822272e+02, 0., 0., 1. ]
distCoeffs_l: !!opencv-matrix
   rows: 1
   cols: 5
   dt: d
   data: [ -2.5480571019744793e-02, -1.2935418557410203e+00,
       3.8480922107897832e-04, 1.3450590743409032e-03,
       1.2919026760200923e+01 ]
cameraMatrix_r: !!opencv-matrix
   rows: 3
   cols: 3
   dt: d
   data: [ 3.5701170138705606e+03, 0., 6.0779916328061381e+02, 0.,
       3.5701816988379755e+03, 4.9780555237606774e+02, 0., 0., 1. ]
distCoeffs_r: !!opencv-matrix
   rows: 1
   cols: 5
   dt: d
   data: [ -6.7607799345858255e-02, 1.4440291241089536e+00,
       -2.7442503863411079e-04, 2.6978079147633354e-04,
       -2.6554529321893270e+01 ]
projectorMatrix_r: !!opencv-matrix
   rows: 3
   cols: 3
   dt: d
   data: [ 2.2096805067497912e+03, 0., 6.7763511337897751e+02, 0.,
       2.9461868371391429e+03, -2.1509135736460694e+00, 0., 0., 1. ]
projectordistCoeffs_r: !!opencv-matrix
   rows: 1
   cols: 5
   dt: d
   data: [ -1.0833339025059503e-01, 2.3417373247591783e-01,
       3.4416480516130763e-04, 6.6717230057460443e-04,
       -1.1562223598410713e-01 ]
R: !!opencv-matrix
   rows: 3
   cols: 3
   dt: d
   data: [ 9.4236052393131264e-01, 1.5526417188572981e-02,
       3.3423879682823815e-01, -6.6874916359496578e-03,
       9.9959724347500978e-01, -2.7579490437305121e-02,
       -3.3453239064628854e-01, 2.3754603900058846e-02,
       9.4208481486649087e-01 ]
T: !!opencv-matrix
   rows: 3
   cols: 1
   dt: d
   data: [ -8.8781058276170725e+01, -4.4609110422153098e-01,
       1.5434307651114523e+01 ]
F: !!opencv-matrix
   rows: 3
   cols: 3
   dt: d
   data: [ 1.9924630206475599e-08, -1.2180940929167577e-06,
       5.6942803185341929e-04, -1.1961296754172360e-06,
       1.8529825548312938e-07, 2.5544403487230301e-02,
       8.6907627164490827e-04, -2.4347531942359713e-02,
       1.2673847695269256e+00 ]
F2: !!opencv-matrix
   rows: 3
   cols: 3
   dt: d
   data: [ 1.9924630206475457e-08, -1.1961296754172332e-06,
       8.6907627164490556e-04, -1.2180940929167613e-06,
       1.8529825548312887e-07, -2.4347531942359713e-02,
       5.6942803185342341e-04, 2.5544403487230312e-02,
       1.2673847695269220e+00 ]
Rot_l: !!opencv-matrix
   rows: 3
   cols: 3
   dt: d
   data: [ 9.9196051182957889e-01, 1.0242778599038005e-01,
       7.4316159937854176e-02, -3.2801840386244764e-02,
       -3.5907256419278483e-01, 9.3273304482648933e-01,
       1.2222267481148963e-01, -9.2767205536284603e-01,
       -3.5282598467346132e-01 ]
tvec_l: !!opencv-matrix
   rows: 3
   cols: 1
   dt: d
   data: [ 6.3967259995565930e+00, 2.8822586203845093e+00,
       2.2902247019287464e+02 ]
Rot_r: !!opencv-matrix
   rows: 3
   cols: 3
   dt: d
   data: [ 9.7512669236262650e-01, -2.1911519999726531e-01,
       -3.3413514811852611e-02, -4.2793195948235503e-02,
       -3.3402820775687586e-01, 9.4159115267894555e-01,
       -2.1747799020236369e-01, -9.1674079518307017e-01,
       -3.3509646107449836e-01 ]
tvec_r: !!opencv-matrix
   rows: 3
   cols: 1
   dt: d
   data: [ -6.1600901781006208e+00, -3.9240944105349702e+00,
       2.2912145395395908e+02 ]
Rot_p: !!opencv-matrix
   rows: 3
   cols: 3
   dt: d
   data: [ -9.9684931005223421e-01, 1.2501568193312787e-02,
       -7.8327286695586820e-02, 7.7776134269195177e-02,
       3.4786354883807719e-01, -9.3431355782088432e-01,
       1.5566823263749856e-02, -9.3746181905317483e-01,
       -3.4773986229793746e-01 ]
tvec_p: !!opencv-matrix
   rows: 3
   cols: 1
   dt: d
   data: [ 1.5289767792129149e+01, 3.3542962833565234e+01,
       1.9456042888322472e+02 ]
c_p_system_l: !!opencv-matrix
   rows: 7
   cols: 1
   dt: d
   data: [ 3.2205724162872706e+00, 1.5338331508351866e-01,
       -6.4304375045531992e-01, -1.0861475185881754e+02,
       3.5379942955934924e-03, 3.7779631239199998e-04,
       -2.8580130841566638e-02 ]
c_p_system_r: !!opencv-matrix
   rows: 7
   cols: 1
   dt: d
   data: [ 3.2605240440813299e+00, 1.7358704457225607e-01,
       -1.9442977851603314e+00, 1.9414871472838558e+02,
       -7.4066466196539994e-03, 1.3396355852469898e-03,
       -3.2465513292575895e-02 ]
