%YAML:1.0
---
cameraMatrix_l: !!opencv-matrix
   rows: 3
   cols: 3
   dt: d
   data: [ 3.5608407585134219e+03, 0., 6.2575214683084164e+02, 0.,
       3.5600384283716289e+03, 4.9263405868786413e+02, 0., 0., 1. ]
distCoeffs_l: !!opencv-matrix
   rows: 1
   cols: 5
   dt: d
   data: [ -2.2320275024649328e-02, -6.5595749094527189e-01,
       -4.3483812918399737e-04, 3.2271485690340407e-04,
       2.3010344239497522e+00 ]
cameraMatrix_r: !!opencv-matrix
   rows: 3
   cols: 3
   dt: d
   data: [ 3.5811005191554091e+03, 0., 6.5878985469037866e+02, 0.,
       3.5805791098298023e+03, 4.5402737050230280e+02, 0., 0., 1. ]
distCoeffs_r: !!opencv-matrix
   rows: 1
   cols: 5
   dt: d
   data: [ -4.0144581956692786e-02, -6.9913652676363139e-02,
       -1.0095988762495681e-03, 4.5232406502034386e-04,
       -3.9757409252483717e+00 ]
projectorMatrix_r: !!opencv-matrix
   rows: 3
   cols: 3
   dt: d
   data: [ 2.2233910998730216e+03, 0., 6.6721758921015930e+02, 0.,
       2.9655373850990768e+03, 4.5926789556523204e+01, 0., 0., 1. ]
projectordistCoeffs_r: !!opencv-matrix
   rows: 1
   cols: 5
   dt: d
   data: [ -1.0883934913884978e-01, 3.1352738363234350e-01,
       -8.1069426005983699e-04, -9.6195069558723987e-04,
       -6.9634332643802366e-01 ]
R: !!opencv-matrix
   rows: 3
   cols: 3
   dt: d
   data: [ -9.4982682084287373e-01, 1.4902333598986309e-02,
       3.1242107941178321e-01, -1.2817943863736157e-02,
       -9.9987978455049620e-01, 8.7244920974954843e-03,
       3.1251353686300593e-01, 4.2821607346848478e-03,
       9.4990365426016576e-01 ]
T: !!opencv-matrix
   rows: 3
   cols: 1
   dt: d
   data: [ -8.1070757617727963e+01, -1.8074866018644329e+00,
       9.6688012187823063e+00 ]
F: !!opencv-matrix
   rows: 3
   cols: 3
   dt: d
   data: [ -3.4578047438504019e-08, 7.5770714936556900e-07,
       -8.5463504602286604e-04, 1.2668380070023905e-06,
       3.8538145921655095e-08, 2.1539462061123487e-02,
       -7.4270250550584186e-04, 2.2260600297816333e-02,
       -2.0460859866576953e+01 ]
F2: !!opencv-matrix
   rows: 3
   cols: 3
   dt: d
   data: [ -3.4578047438503576e-08, 1.2668380070023941e-06,
       -7.4270250550583828e-04, 7.5770714936556572e-07,
       3.8538145921655571e-08, 2.2260600297816336e-02,
       -8.5463504602285921e-04, 2.1539462061123484e-02,
       -2.0460859866576961e+01 ]
Rot_l: !!opencv-matrix
   rows: 3
   cols: 3
   dt: d
   data: [ -9.8600318278567978e-01, -1.5380607684708250e-01,
       -6.4353820876608944e-02, 2.5308063603527720e-03,
       3.7213283289800980e-01, -9.2817603378802471e-01,
       1.6670728405104476e-01, -9.1534739055956871e-01,
       -3.6653490425894364e-01 ]
tvec_l: !!opencv-matrix
   rows: 3
   cols: 1
   dt: d
   data: [ -1.7837005646032136e+00, -1.8010893866268982e+00,
       2.3494222490316534e+02 ]
Rot_r: !!opencv-matrix
   rows: 3
   cols: 3
   dt: d
   data: [ 9.8865285299596783e-01, -1.3433903517841847e-01,
       -6.7220234232445691e-02, 1.1562467710381739e-02,
       -3.7810256019870048e-01, 9.2569150547665424e-01,
       -1.4977264637903545e-01, -9.1596477967142365e-01,
       -3.7225888410903063e-01 ]
tvec_r: !!opencv-matrix
   rows: 3
   cols: 1
   dt: d
   data: [ -6.0024879123435166e+00, 2.0660012242347268e+00,
       2.3227613606791303e+02 ]
Rot_p: !!opencv-matrix
   rows: 3
   cols: 3
   dt: d
   data: [ -9.9948052604213089e-01, 2.2179592750402734e-02,
       -2.3382551784857170e-02, 3.0389901322715279e-02,
       4.0704790999159873e-01, -9.1290111888915271e-01,
       -1.0729956204051958e-02, -9.1313748397319516e-01,
       -4.0751049483781582e-01 ]
tvec_p: !!opencv-matrix
   rows: 3
   cols: 1
   dt: d
   data: [ -3.2329604507205030e+00, 2.4403065631758388e+01,
       2.0170416047279198e+02 ]
c_p_system_l: !!opencv-matrix
   rows: 7
   cols: 1
   dt: d
   data: [ -2.9885033098356804e+00, -1.3139401996572345e-01,
       -3.7427994223774241e-01, -8.3167291337381400e+01,
       -4.7459961812873026e-03, -1.5807306603133162e-03,
       -2.6618865263176406e-02 ]
c_p_system_r: !!opencv-matrix
   rows: 7
   cols: 1
   dt: d
   data: [ 2.8157534932390647e+00, 1.7070310686496259e-01,
       -1.3367598925481166e+00, 1.5546267642799739e+02,
       -4.1256791699897212e-03, 1.4066036870574985e-03,
       -2.7822732227327458e-02 ]
