%YAML:1.0
---
cameraMatrix_l: !!opencv-matrix
   rows: 3
   cols: 3
   dt: d
   data: [ 3.5249518284619367e+03, 0., 6.2532075057087775e+02, 0.,
       3.5256722513224772e+03, 4.8326479591499003e+02, 0., 0., 1. ]
distCoeffs_l: !!opencv-matrix
   rows: 1
   cols: 5
   dt: d
   data: [ -3.0464844626528455e-02, -6.2464598811276872e-01,
       3.3485001763928904e-04, -1.3874807494310904e-04,
       4.6853941762859419e+00 ]
cameraMatrix_r: !!opencv-matrix
   rows: 3
   cols: 3
   dt: d
   data: [ 3.5085152136156908e+03, 0., 5.9299718126600214e+02, 0.,
       3.5086836749861136e+03, 5.0440331524608365e+02, 0., 0., 1. ]
distCoeffs_r: !!opencv-matrix
   rows: 1
   cols: 5
   dt: d
   data: [ -8.9587967971297398e-04, -1.9668338706683577e+00,
       -8.1437017373894231e-04, -3.4739589446805498e-04,
       2.3811304154395110e+01 ]
projectorMatrix_r: !!opencv-matrix
   rows: 3
   cols: 3
   dt: d
   data: [ 2.2177777620470993e+03, 0., 6.8098677268536221e+02, 0.,
       2.9563321017573280e+03, 1.7044130440381087e+00, 0., 0., 1. ]
projectordistCoeffs_r: !!opencv-matrix
   rows: 1
   cols: 5
   dt: d
   data: [ -1.0907047570714173e-01, 2.2667129508586006e-01,
       6.3244978800178209e-04, 7.9176827904139035e-04,
       -6.8573312739378431e-02 ]
R: !!opencv-matrix
   rows: 3
   cols: 3
   dt: d
   data: [ 9.4237082725946719e-01, 1.5684447720560907e-02,
       3.3420236688271510e-01, -6.7906772234447819e-03,
       9.9959144759119067e-01, -2.7763728232991169e-02,
       -3.3450128644469351e-01, 2.3894267141919112e-02,
       9.4209232740989690e-01 ]
T: !!opencv-matrix
   rows: 3
   cols: 1
   dt: d
   data: [ -8.8977474651515436e+01, -2.5195546295970095e-01,
       1.5115350973008333e+01 ]
F: !!opencv-matrix
   rows: 3
   cols: 3
   dt: d
   data: [ 1.5114227351172401e-08, -1.2219360485528074e-06,
       6.3302479514440468e-04, -1.2547613232907045e-06,
       1.9102974541961600e-07, 2.6022773411361399e-02,
       8.6271308858243455e-04, -2.4597343736286310e-02,
       1.0945283246681292e+00 ]
F2: !!opencv-matrix
   rows: 3
   cols: 3
   dt: d
   data: [ 1.5114227351172758e-08, -1.2547613232906988e-06,
       8.6271308858243499e-04, -1.2219360485528108e-06,
       1.9102974541961638e-07, -2.4597343736286283e-02,
       6.3302479514440327e-04, 2.6022773411361378e-02,
       1.0945283246681239e+00 ]
Rot_l: !!opencv-matrix
   rows: 3
   cols: 3
   dt: d
   data: [ 9.9498922156548464e-01, 9.5345835519489552e-02,
       3.0093531158729033e-02, 4.2085581348913735e-03,
       -3.4066195461511234e-01, 9.4017643063216405e-01,
       9.9893628460158507e-02, -9.3533876447354702e-01,
       -3.3935624153117067e-01 ]
tvec_l: !!opencv-matrix
   rows: 3
   cols: 1
   dt: d
   data: [ 8.4260756305202520e+00, 3.0046616063770224e+00,
       2.3378797760187891e+02 ]
Rot_r: !!opencv-matrix
   rows: 3
   cols: 3
   dt: d
   data: [ 9.7109951181885201e-01, -2.2808438964751213e-01,
       -7.0308245208575773e-02, -5.3232314789052743e-03,
       -3.1520174788395178e-01, 9.4900975829415146e-01,
       -2.3861559327045109e-01, -9.2120864592665630e-01,
       -3.0730640949737292e-01 ]
tvec_r: !!opencv-matrix
   rows: 3
   cols: 1
   dt: d
   data: [ -2.8573648678769210e+00, -3.7965660524660101e+00,
       2.3261847196141980e+02 ]
Rot_p: !!opencv-matrix
   rows: 3
   cols: 3
   dt: d
   data: [ -9.9920199085166395e-01, 1.9897331660987047e-02,
       -3.4633476158826539e-02, 3.9268986408067273e-02,
       3.3083597337852205e-01, -9.4287088481147241e-01,
       -7.3026149120949697e-03, -9.4347848672423851e-01,
       -3.3135331129171947e-01 ]
tvec_p: !!opencv-matrix
   rows: 3
   cols: 1
   dt: d
   data: [ 1.2637781823668467e+01, 3.3179148993626370e+01,
       1.9929743972949390e+02 ]
c_p_system_l: !!opencv-matrix
   rows: 7
   cols: 1
   dt: d
   data: [ 3.1552036818490166e+00, 1.4891556701816464e-01,
       -6.3396459065361088e-01, -1.0543445463519463e+02,
       3.4539965380386752e-03, 4.2176074121731195e-04,
       -2.8015372402531279e-02 ]
c_p_system_r: !!opencv-matrix
   rows: 7
   cols: 1
   dt: d
   data: [ 2.9372604447028512e+00, 1.5383105943127001e-01,
       -1.7683251144525263e+00, 1.7858815061576371e+02,
       -6.8004486446471999e-03, 1.2268111145626770e-03,
       -2.9676997097375681e-02 ]
