%YAML:1.0
---
cameraMatrix_l: !!opencv-matrix
   rows: 3
   cols: 3
   dt: d
   data: [ 3.5938133240775487e+03, 0., 6.2616894341274724e+02, 0.,
       3.5941011830833577e+03, 5.7165399194508450e+02, 0., 0., 1. ]
distCoeffs_l: !!opencv-matrix
   rows: 1
   cols: 5
   dt: d
   data: [ -3.8319036680378192e-02, -3.6522450724229372e-01,
       6.8055225238258506e-04, -2.9572386063808523e-04,
       -8.9237016261159297e-01 ]
cameraMatrix_r: !!opencv-matrix
   rows: 3
   cols: 3
   dt: d
   data: [ 3.5606518229984622e+03, 0., 6.2267701577150183e+02, 0.,
       3.5601836199539894e+03, 4.9435350942254377e+02, 0., 0., 1. ]
distCoeffs_r: !!opencv-matrix
   rows: 1
   cols: 5
   dt: d
   data: [ -4.2231207619494927e-02, 3.6909947254078063e-01,
       -6.0062203812394962e-04, 3.3126329950320299e-04,
       -1.6909133825739278e+01 ]
projectorMatrix_r: !!opencv-matrix
   rows: 3
   cols: 3
   dt: d
   data: [ 2.2294787685631400e+03, 0., 6.6748032506178424e+02, 0.,
       2.9735367757585714e+03, 4.5002647501974828e+01, 0., 0., 1. ]
projectordistCoeffs_r: !!opencv-matrix
   rows: 1
   cols: 5
   dt: d
   data: [ -1.1624648637106674e-01, 3.6731786497309504e-01,
       -7.8087103083436147e-04, -7.9557741326759669e-04,
       -9.5395841030793183e-01 ]
R: !!opencv-matrix
   rows: 3
   cols: 3
   dt: d
   data: [ 9.4814604980817219e-01, 7.5906894106577763e-03,
       3.1774431492542898e-01, -9.5243794849849059e-03,
       9.9994436892276528e-01, 4.5326874014146035e-03,
       -3.1769223224464471e-01, -7.3239670892127906e-03,
       9.4816560002854511e-01 ]
T: !!opencv-matrix
   rows: 3
   cols: 1
   dt: d
   data: [ -8.0557225945030609e+01, 3.4587895310580685e-01,
       1.0811438611606576e+01 ]
F: !!opencv-matrix
   rows: 3
   cols: 3
   dt: d
   data: [ -5.4006258695394219e-10, -8.4496996174883223e-07,
       5.6170979879599449e-04, -1.1990636486636229e-06,
       -3.9695661862428090e-08, 2.3192819555737813e-02,
       7.1533930085376101e-04, -2.1867449986988745e-02,
       4.4580373124285266e-01 ]
F2: !!opencv-matrix
   rows: 3
   cols: 3
   dt: d
   data: [ -5.4006258695407899e-10, -1.1990636486636240e-06,
       7.1533930085376058e-04, -8.4496996174883000e-07,
       -3.9695661862428692e-08, -2.1867449986988738e-02,
       5.6170979879599482e-04, 2.3192819555737806e-02,
       4.4580373124285266e-01 ]
Rot_l: !!opencv-matrix
   rows: 3
   cols: 3
   dt: d
   data: [ 9.8661329314630108e-01, 1.5739642619964106e-01,
       4.2668194320733259e-02, 1.3621706162652250e-02,
       -3.4026972653180826e-01, 9.4022920733573623e-01,
       1.6250741185628820e-01, -9.2706142095631905e-01,
       -3.3785864332028176e-01 ]
tvec_l: !!opencv-matrix
   rows: 3
   cols: 1
   dt: d
   data: [ -1.9696577095616223e+00, -2.8558679746582634e+00,
       2.3321933935009659e+02 ]
Rot_r: !!opencv-matrix
   rows: 3
   cols: 3
   dt: d
   data: [ 9.8719270097620226e-01, -1.4791657815039955e-01,
       -5.9759995378072528e-02, 4.9606642619660947e-03,
       -3.4595197987618287e-01, 9.3823910568139790e-01,
       -1.5945520671771918e-01, -9.2651924617248294e-01,
       -3.4078750493905074e-01 ]
tvec_r: !!opencv-matrix
   rows: 3
   cols: 1
   dt: d
   data: [ -8.3423079194615575e+00, -1.4339600178207752e+00,
       2.3258865468231784e+02 ]
Rot_p: !!opencv-matrix
   rows: 3
   cols: 3
   dt: d
   data: [ -9.9949428289647035e-01, 3.0629276912642864e-02,
       -8.5455165484113298e-03, 1.9545643342477371e-02,
       3.7977547632316955e-01, -9.2487218328255416e-01,
       -2.5082788592961491e-02, -9.2457148721952176e-01,
       -3.8018208629166428e-01 ]
tvec_p: !!opencv-matrix
   rows: 3
   cols: 1
   dt: d
   data: [ -1.9848722001079209e+00, 2.7453705596503578e+01,
       2.0133696793116655e+02 ]
c_p_system_l: !!opencv-matrix
   rows: 7
   cols: 1
   dt: d
   data: [ 3.2350804383061487e+00, 1.6002561790041428e-01,
       -3.6203858073665951e-01, -9.1299419321383553e+01,
       5.2327577753654925e-03, 1.8263542418687209e-03,
       -2.8481191061436061e-02 ]
c_p_system_r: !!opencv-matrix
   rows: 7
   cols: 1
   dt: d
   data: [ 2.7450623764316457e+00, 1.1822275838293989e-01,
       -1.2862916651844256e+00, 1.5241052826939745e+02,
       -3.9031667015706202e-03, 1.5068755075291467e-03,
       -2.7061739596602526e-02 ]
